$ANSIBLE_VAULT;1.1;AES256
34343763346366643736303435323739616665373962316439636463303131356363336633626237
3163323830393132626134323032343730383135336665390a323932663936326635643337343936
31333239656639613934306134303865343132666235383231646264623333656534623065336566
3232323661653731630a666261376262653839393231386235306464396639666239316230393737
34363661663438363530646563393665666161613636356466373666643239373364363464366635
63623961643734316662633931613061633936666437343136663436386561316532326663333563
38316535313532663963306666623830303464656265326537333935363138316565393034613063
32636637363865303435386664386139343166643239623562316633363763656662323631363633
36373339306365326236356165333539653534336561343231663865393263383065323766646635
36656536396366393239303666633436383332316436363761633763313031346532373564646162
35623166306230376166656432643966656432656130303731376563623034613933356638653237
35666232306266343961326666366331363636663363343739356666353136623139663339363038
39623739316530376361616464393631373063333964383932323064333466663437633735396266
39366339636333343530343832643031653037386434663135326364613731323661623265616466
34613833613836616634316535313566383064353432363932323561353137386432306331363138
62393837656161616232336363346166383936656330333961363934346135663936336362386165
35343134616133353539326433613961333239383261383333373134363838336237303036613234
34373236373735386131346536356462313636333734343361356232633766646136636632303733
61373339653533643263373163336537653066396665353663376638366335313437353866346637
30333062353766306362346530623561656236643832626661393935323365313436613433636632
39366237346465306265313530623531616530623864353337373738373034383532363466333064
30346263633161613132383864343732346463333631346236323634626534613561323832303135
63323733386561316136353431633866323163383839643166303932393165613564353764653663
62376665643965306136613230336533613737336661373139323432623537623461613065363161
66643839313737353065646538343131336339346133643162396133323736666534663039646162
35306336346266383639303635623231373532653837383238373738373439323434313431653263
66326336366563333233623735623830663036643439386361363763306233386663376661373163
36346530393534383266383965343764656661326431326332373965316130323233633634343864
32373238623438663461376538306234383833366361323239303334316562636663643530353964
33623266363064666238643331383331663633323435383639356633633030363935373132393138
38373932666138323730666431323334626664633038383062653534336362323832323332316461
62636262653233323561636366386132376436623136323765373465363934333731333937623939
37376462303761353330356637636466306565383237343431376237646364316436373236326134
63353238303161663435333665613636303139336231323530333965353661653138303366353139
35343263646432653439646637396238613037346437613437653138376563646331343063323766
31313366303465653361366463663337346239383732663331633637313036636436363865323961
62353266353539386366316163343338646431613831373836396563643037613831323861343430
36633338396565393633666339336233323566386438613730393633326438333065386439666230
66666131656633643639643065626231393836636136353862383861666438633761383439376263
37616632613861633364613364393837393061636537653166643965613366646238636566386336
34356438343465303563366139356263393333386435396339323138343630616434663332636630
63336565363130313539666562386533303061386330303831313935636235313834306137653863
65633032303939393239396361303032303537643837313335336233633032386234366238373666
64633930363639333433666262356330393263646534386432323764666534373633323061346138
32303238646133373864373831656532346335343432356565313538353138643636613236343466
39333132396238353861333136333432356232633234636239633438346565653037643561356337
39646162336263353331666133383338343639353237653434346330663139656430323065393034
61356264663061643534303837653665643966616366656264623263353134353761393136346138
35663565313033616263643564333463353730393134623062323936393261653037336233396231
37326537353436613566663463356635623630633165663137343530653564333664326364306137
31636663626361306135613733336165353663633637616433306239646334323561363637356366
61306365383366616531396262396332616234636137336230333235333535316432343232383666
37306265653566623434323836336637373061336335326265313762356630303664386462373330
36316231353061316237393335383462313664646462633936336665633966643334393265313665
38343630656232616366646263616164363838383937343533353538356133336430356430393161
61316162623531303830303739343236663038303836396165386166323662633437353330363438
32323638343861643561373832343564633764633438386635343134663530326161356538656432
34666633336564383566386262666338656239353032643138623463333061623638373434396664
65316334366635623363333834366561383963363333313236383161393566316230363461613436
36613233376435643439633132323966306332376363303666343639333366303462376366303764
61303432643634356630303735376131333332356462336236613737636433646437323836383035
64626666353663306238336334623639383839646236656334613233653161666437353432616665
64623532333930356164653333613862653536636237356630616338336264656235666564333232
63356135613631636432653735306639353331333664336466326232623937653934356261393233
64396561313638343638333533316261343136313539616436626238666139613335346266366637
39383730623134323466306131373462303161353032636261663466663931326363663630643930
66383265313632316131353137313034343464393238323862336335613131383861356633323036
36386466623561646166363235343166306262353131313964393239396332643966613134623935
65623838396536346561323333343962646238663839396434663236393130353833386131323535
38393365346537336561626634623230376233666337613830623037366137633561356331356438
66666435313930333938333832643765383366383233646137363636343364646536666666636535
62626537336161633835373436353764353637633931346138343332643663343937616234353065
31336664316230336363363537336431393265346238393066646363353363386336376637303862
63303165333933643865343764666239613836316562336135333134303839353439303233313363
34623865303264303236303065363930643539303034333439653830376464326432386561303233
63666336656362393732306530383530653535383561313232366566343261616438396630343833
35323766376363653962376539663032626535303861393633356438306537306165663262633461
34616166663738653631386162373565616333333331363535343237356434333637356461306166
38643732653938643233386631386138343163616564393536326638383661336232373830613864
39336630393531633065373536306230613361353762313239663139366361643066353833616265
37376335393539353862663761333433663062613265613166346465393035653336363638666238
35303162383034633166666536326337613062333736613935666432623234373737303462343637
37633334396166613934396535353761326232663334303663666161303639316639646565333239
36613933316530366634383661383464356535336464656234633834633832333562373935383630
66323932656130613731356465366231323765633832346334383339393163316535636231623232
34316537653036663239326366366532313930623439356433353434313332316462363531363936
61396131616636626434353138633631366363346233666365333932323964353534393731383965
35346436336137633337376265333563643963356536306439333133386336366535326331323232
62323634636133396532656637653938333933326635663137643531633961393235363033323966
38396536393930663037333666336337633062643762373435656631393539336165663031373433
32623439663939343133383939353833646538376461363534663732326263396665653235396466
62626264616561643265613033373839343332626461333263386366636464623234633665643966
3863
